PLANILHA
0 0 1
0 1 2
0 2 3
0 3 4
1 0 5
1 1 6
1 2 7
1 3 8
2 0 9
2 3 1
3 0 2
3 1 3
3 2 4
3 3 5
HISTORICO
3 3 0
3 2 0
3 1 0
3 0 0
2 3 0
2 0 0
1 3 0
1 2 0
1 1 0
1 0 0
0 3 0
0 2 0
0 1 0
0 0 0
PLANILHA
0 0 1
0 1 2
0 2 3
0 3 4
1 0 5
1 1 6
1 2 7
2 0 9
2 2 8
2 3 1
3 0 2
3 1 3
3 2 4
3 3 5
HISTORICO
T 1 2 2
3 3 0
3 2 0
3 1 0
3 0 0
2 3 0
2 0 0
1 3 0
1 2 0
1 1 0
1 0 0
0 3 0
0 2 0
0 1 0
0 0 0
PLANILHA
0 0 1
0 1 2
0 2 3
0 3 4
1 0 5
1 1 6
1 2 7
1 3 8
2 0 9
2 3 1
3 0 2
3 1 3
3 2 4
3 3 5
HISTORICO
3 3 0
3 2 0
3 1 0
3 0 0
2 3 0
2 0 0
1 3 0
1 2 0
1 1 0
1 0 0
0 3 0
0 2 0
0 1 0
0 0 0
CONT 14
